5.800000000000000000e+01 3.300000000000000000e+01 1.430000000000000000e+03 5.800000000000000000e+01 0.000000000000000000e+00 1.690000000000000000e+02 5.400000000000000000e+01 3.100000000000000000e+01 0.000000000000000000e+00 5.400000000000000000e+01 0.000000000000000000e+00 2.400000000000000000e+02
5.800000000000000000e+01 0.000000000000000000e+00 1.690000000000000000e+02 5.400000000000000000e+01 3.100000000000000000e+01 0.000000000000000000e+00 5.400000000000000000e+01 0.000000000000000000e+00 2.400000000000000000e+02 4.900000000000000000e+01 3.400000000000000000e+01 0.000000000000000000e+00
5.400000000000000000e+01 3.100000000000000000e+01 0.000000000000000000e+00 5.400000000000000000e+01 0.000000000000000000e+00 2.400000000000000000e+02 4.900000000000000000e+01 3.400000000000000000e+01 0.000000000000000000e+00 4.900000000000000000e+01 0.000000000000000000e+00 2.400000000000000000e+02
5.400000000000000000e+01 0.000000000000000000e+00 2.400000000000000000e+02 4.900000000000000000e+01 3.400000000000000000e+01 0.000000000000000000e+00 4.900000000000000000e+01 0.000000000000000000e+00 2.400000000000000000e+02 4.200000000000000000e+01 3.100000000000000000e+01 0.000000000000000000e+00
4.900000000000000000e+01 3.400000000000000000e+01 0.000000000000000000e+00 4.900000000000000000e+01 0.000000000000000000e+00 2.400000000000000000e+02 4.200000000000000000e+01 3.100000000000000000e+01 0.000000000000000000e+00 4.200000000000000000e+01 0.000000000000000000e+00 2.400000000000000000e+02
4.900000000000000000e+01 0.000000000000000000e+00 2.400000000000000000e+02 4.200000000000000000e+01 3.100000000000000000e+01 0.000000000000000000e+00 4.200000000000000000e+01 0.000000000000000000e+00 2.400000000000000000e+02 4.900000000000000000e+01 3.300000000000000000e+01 0.000000000000000000e+00
4.200000000000000000e+01 3.100000000000000000e+01 0.000000000000000000e+00 4.200000000000000000e+01 0.000000000000000000e+00 2.400000000000000000e+02 4.900000000000000000e+01 3.300000000000000000e+01 0.000000000000000000e+00 4.900000000000000000e+01 0.000000000000000000e+00 2.400000000000000000e+02
4.200000000000000000e+01 0.000000000000000000e+00 2.400000000000000000e+02 4.900000000000000000e+01 3.300000000000000000e+01 0.000000000000000000e+00 4.900000000000000000e+01 0.000000000000000000e+00 2.400000000000000000e+02 5.400000000000000000e+01 3.300000000000000000e+01 0.000000000000000000e+00
4.900000000000000000e+01 3.300000000000000000e+01 0.000000000000000000e+00 4.900000000000000000e+01 0.000000000000000000e+00 2.400000000000000000e+02 5.400000000000000000e+01 3.300000000000000000e+01 0.000000000000000000e+00 5.400000000000000000e+01 0.000000000000000000e+00 2.400000000000000000e+02
4.900000000000000000e+01 0.000000000000000000e+00 2.400000000000000000e+02 5.400000000000000000e+01 3.300000000000000000e+01 0.000000000000000000e+00 5.400000000000000000e+01 0.000000000000000000e+00 2.400000000000000000e+02 5.800000000000000000e+01 3.600000000000000000e+01 0.000000000000000000e+00
5.400000000000000000e+01 3.300000000000000000e+01 0.000000000000000000e+00 5.400000000000000000e+01 0.000000000000000000e+00 2.400000000000000000e+02 5.800000000000000000e+01 3.600000000000000000e+01 0.000000000000000000e+00 5.800000000000000000e+01 0.000000000000000000e+00 9.200000000000000000e+01
5.400000000000000000e+01 0.000000000000000000e+00 2.400000000000000000e+02 5.800000000000000000e+01 3.600000000000000000e+01 0.000000000000000000e+00 5.800000000000000000e+01 0.000000000000000000e+00 9.200000000000000000e+01 5.400000000000000000e+01 3.300000000000000000e+01 0.000000000000000000e+00
5.800000000000000000e+01 3.600000000000000000e+01 0.000000000000000000e+00 5.800000000000000000e+01 0.000000000000000000e+00 9.200000000000000000e+01 5.400000000000000000e+01 3.300000000000000000e+01 0.000000000000000000e+00 5.400000000000000000e+01 0.000000000000000000e+00 2.400000000000000000e+02
5.800000000000000000e+01 0.000000000000000000e+00 9.200000000000000000e+01 5.400000000000000000e+01 3.300000000000000000e+01 0.000000000000000000e+00 5.400000000000000000e+01 0.000000000000000000e+00 2.400000000000000000e+02 4.900000000000000000e+01 3.300000000000000000e+01 0.000000000000000000e+00
5.400000000000000000e+01 3.300000000000000000e+01 0.000000000000000000e+00 5.400000000000000000e+01 0.000000000000000000e+00 2.400000000000000000e+02 4.900000000000000000e+01 3.300000000000000000e+01 0.000000000000000000e+00 4.900000000000000000e+01 0.000000000000000000e+00 2.400000000000000000e+02
5.400000000000000000e+01 0.000000000000000000e+00 2.400000000000000000e+02 4.900000000000000000e+01 3.300000000000000000e+01 0.000000000000000000e+00 4.900000000000000000e+01 0.000000000000000000e+00 2.400000000000000000e+02 4.200000000000000000e+01 3.300000000000000000e+01 0.000000000000000000e+00
4.900000000000000000e+01 3.300000000000000000e+01 0.000000000000000000e+00 4.900000000000000000e+01 0.000000000000000000e+00 2.400000000000000000e+02 4.200000000000000000e+01 3.300000000000000000e+01 0.000000000000000000e+00 4.200000000000000000e+01 0.000000000000000000e+00 2.400000000000000000e+02
4.900000000000000000e+01 0.000000000000000000e+00 2.400000000000000000e+02 4.200000000000000000e+01 3.300000000000000000e+01 0.000000000000000000e+00 4.200000000000000000e+01 0.000000000000000000e+00 2.400000000000000000e+02 4.900000000000000000e+01 3.300000000000000000e+01 0.000000000000000000e+00
4.200000000000000000e+01 3.300000000000000000e+01 0.000000000000000000e+00 4.200000000000000000e+01 0.000000000000000000e+00 2.400000000000000000e+02 4.900000000000000000e+01 3.300000000000000000e+01 0.000000000000000000e+00 4.900000000000000000e+01 0.000000000000000000e+00 2.400000000000000000e+02
4.200000000000000000e+01 0.000000000000000000e+00 2.400000000000000000e+02 4.900000000000000000e+01 3.300000000000000000e+01 0.000000000000000000e+00 4.900000000000000000e+01 0.000000000000000000e+00 2.400000000000000000e+02 5.400000000000000000e+01 3.300000000000000000e+01 0.000000000000000000e+00
4.900000000000000000e+01 3.300000000000000000e+01 0.000000000000000000e+00 4.900000000000000000e+01 0.000000000000000000e+00 2.400000000000000000e+02 5.400000000000000000e+01 3.300000000000000000e+01 0.000000000000000000e+00 5.400000000000000000e+01 0.000000000000000000e+00 2.400000000000000000e+02
4.900000000000000000e+01 0.000000000000000000e+00 2.400000000000000000e+02 5.400000000000000000e+01 3.300000000000000000e+01 0.000000000000000000e+00 5.400000000000000000e+01 0.000000000000000000e+00 2.400000000000000000e+02 4.700000000000000000e+01 3.900000000000000000e+01 0.000000000000000000e+00
5.400000000000000000e+01 3.300000000000000000e+01 0.000000000000000000e+00 5.400000000000000000e+01 0.000000000000000000e+00 2.400000000000000000e+02 4.700000000000000000e+01 3.900000000000000000e+01 0.000000000000000000e+00 4.700000000000000000e+01 0.000000000000000000e+00 1.200000000000000000e+02
5.400000000000000000e+01 0.000000000000000000e+00 2.400000000000000000e+02 4.700000000000000000e+01 3.900000000000000000e+01 0.000000000000000000e+00 4.700000000000000000e+01 0.000000000000000000e+00 1.200000000000000000e+02 5.400000000000000000e+01 3.500000000000000000e+01 0.000000000000000000e+00
4.700000000000000000e+01 3.900000000000000000e+01 0.000000000000000000e+00 4.700000000000000000e+01 0.000000000000000000e+00 1.200000000000000000e+02 5.400000000000000000e+01 3.500000000000000000e+01 0.000000000000000000e+00 5.400000000000000000e+01 0.000000000000000000e+00 2.400000000000000000e+02
4.700000000000000000e+01 0.000000000000000000e+00 1.200000000000000000e+02 5.400000000000000000e+01 3.500000000000000000e+01 0.000000000000000000e+00 5.400000000000000000e+01 0.000000000000000000e+00 2.400000000000000000e+02 4.700000000000000000e+01 4.300000000000000000e+01 0.000000000000000000e+00
5.400000000000000000e+01 3.500000000000000000e+01 0.000000000000000000e+00 5.400000000000000000e+01 0.000000000000000000e+00 2.400000000000000000e+02 4.700000000000000000e+01 4.300000000000000000e+01 0.000000000000000000e+00 4.700000000000000000e+01 0.000000000000000000e+00 2.400000000000000000e+02
5.400000000000000000e+01 0.000000000000000000e+00 2.400000000000000000e+02 4.700000000000000000e+01 4.300000000000000000e+01 0.000000000000000000e+00 4.700000000000000000e+01 0.000000000000000000e+00 2.400000000000000000e+02 5.400000000000000000e+01 3.800000000000000000e+01 0.000000000000000000e+00
4.700000000000000000e+01 4.300000000000000000e+01 0.000000000000000000e+00 4.700000000000000000e+01 0.000000000000000000e+00 2.400000000000000000e+02 5.400000000000000000e+01 3.800000000000000000e+01 0.000000000000000000e+00 5.400000000000000000e+01 0.000000000000000000e+00 2.400000000000000000e+02
4.700000000000000000e+01 0.000000000000000000e+00 2.400000000000000000e+02 5.400000000000000000e+01 3.800000000000000000e+01 0.000000000000000000e+00 5.400000000000000000e+01 0.000000000000000000e+00 2.400000000000000000e+02 5.100000000000000000e+01 4.400000000000000000e+01 0.000000000000000000e+00
5.400000000000000000e+01 3.800000000000000000e+01 0.000000000000000000e+00 5.400000000000000000e+01 0.000000000000000000e+00 2.400000000000000000e+02 5.100000000000000000e+01 4.400000000000000000e+01 0.000000000000000000e+00 5.100000000000000000e+01 0.000000000000000000e+00 2.400000000000000000e+02
5.400000000000000000e+01 0.000000000000000000e+00 2.400000000000000000e+02 5.100000000000000000e+01 4.400000000000000000e+01 0.000000000000000000e+00 5.100000000000000000e+01 0.000000000000000000e+00 2.400000000000000000e+02 5.900000000000000000e+01 4.000000000000000000e+01 0.000000000000000000e+00
5.100000000000000000e+01 4.400000000000000000e+01 0.000000000000000000e+00 5.100000000000000000e+01 0.000000000000000000e+00 2.400000000000000000e+02 5.900000000000000000e+01 4.000000000000000000e+01 0.000000000000000000e+00 5.900000000000000000e+01 0.000000000000000000e+00 2.400000000000000000e+02
5.100000000000000000e+01 0.000000000000000000e+00 2.400000000000000000e+02 5.900000000000000000e+01 4.000000000000000000e+01 0.000000000000000000e+00 5.900000000000000000e+01 0.000000000000000000e+00 2.400000000000000000e+02 6.300000000000000000e+01 3.200000000000000000e+01 0.000000000000000000e+00
5.900000000000000000e+01 4.000000000000000000e+01 0.000000000000000000e+00 5.900000000000000000e+01 0.000000000000000000e+00 2.400000000000000000e+02 6.300000000000000000e+01 3.200000000000000000e+01 0.000000000000000000e+00 6.300000000000000000e+01 0.000000000000000000e+00 2.400000000000000000e+02
5.900000000000000000e+01 0.000000000000000000e+00 2.400000000000000000e+02 6.300000000000000000e+01 3.200000000000000000e+01 0.000000000000000000e+00 6.300000000000000000e+01 0.000000000000000000e+00 2.400000000000000000e+02 5.400000000000000000e+01 3.300000000000000000e+01 0.000000000000000000e+00
6.300000000000000000e+01 3.200000000000000000e+01 0.000000000000000000e+00 6.300000000000000000e+01 0.000000000000000000e+00 2.400000000000000000e+02 5.400000000000000000e+01 3.300000000000000000e+01 0.000000000000000000e+00 5.400000000000000000e+01 0.000000000000000000e+00 2.400000000000000000e+02
6.300000000000000000e+01 0.000000000000000000e+00 2.400000000000000000e+02 5.400000000000000000e+01 3.300000000000000000e+01 0.000000000000000000e+00 5.400000000000000000e+01 0.000000000000000000e+00 2.400000000000000000e+02 5.900000000000000000e+01 3.900000000000000000e+01 0.000000000000000000e+00
5.400000000000000000e+01 3.300000000000000000e+01 0.000000000000000000e+00 5.400000000000000000e+01 0.000000000000000000e+00 2.400000000000000000e+02 5.900000000000000000e+01 3.900000000000000000e+01 0.000000000000000000e+00 5.900000000000000000e+01 0.000000000000000000e+00 2.400000000000000000e+02
5.400000000000000000e+01 0.000000000000000000e+00 2.400000000000000000e+02 5.900000000000000000e+01 3.900000000000000000e+01 0.000000000000000000e+00 5.900000000000000000e+01 0.000000000000000000e+00 2.400000000000000000e+02 5.100000000000000000e+01 3.300000000000000000e+01 0.000000000000000000e+00
5.900000000000000000e+01 3.900000000000000000e+01 0.000000000000000000e+00 5.900000000000000000e+01 0.000000000000000000e+00 2.400000000000000000e+02 5.100000000000000000e+01 3.300000000000000000e+01 0.000000000000000000e+00 5.100000000000000000e+01 0.000000000000000000e+00 2.280000000000000000e+02
5.900000000000000000e+01 0.000000000000000000e+00 2.400000000000000000e+02 5.100000000000000000e+01 3.300000000000000000e+01 0.000000000000000000e+00 5.100000000000000000e+01 0.000000000000000000e+00 2.280000000000000000e+02 5.400000000000000000e+01 3.600000000000000000e+01 0.000000000000000000e+00
5.100000000000000000e+01 3.300000000000000000e+01 0.000000000000000000e+00 5.100000000000000000e+01 0.000000000000000000e+00 2.280000000000000000e+02 5.400000000000000000e+01 3.600000000000000000e+01 0.000000000000000000e+00 5.400000000000000000e+01 0.000000000000000000e+00 2.400000000000000000e+02
5.100000000000000000e+01 0.000000000000000000e+00 2.280000000000000000e+02 5.400000000000000000e+01 3.600000000000000000e+01 0.000000000000000000e+00 5.400000000000000000e+01 0.000000000000000000e+00 2.400000000000000000e+02 4.700000000000000000e+01 3.300000000000000000e+01 0.000000000000000000e+00
5.400000000000000000e+01 3.600000000000000000e+01 0.000000000000000000e+00 5.400000000000000000e+01 0.000000000000000000e+00 2.400000000000000000e+02 4.700000000000000000e+01 3.300000000000000000e+01 0.000000000000000000e+00 4.700000000000000000e+01 0.000000000000000000e+00 2.400000000000000000e+02
5.400000000000000000e+01 0.000000000000000000e+00 2.400000000000000000e+02 4.700000000000000000e+01 3.300000000000000000e+01 0.000000000000000000e+00 4.700000000000000000e+01 0.000000000000000000e+00 2.400000000000000000e+02 5.800000000000000000e+01 4.000000000000000000e+01 0.000000000000000000e+00
4.700000000000000000e+01 3.300000000000000000e+01 0.000000000000000000e+00 4.700000000000000000e+01 0.000000000000000000e+00 2.400000000000000000e+02 5.800000000000000000e+01 4.000000000000000000e+01 0.000000000000000000e+00 5.800000000000000000e+01 0.000000000000000000e+00 1.550000000000000000e+02
4.700000000000000000e+01 0.000000000000000000e+00 2.400000000000000000e+02 5.800000000000000000e+01 4.000000000000000000e+01 0.000000000000000000e+00 5.800000000000000000e+01 0.000000000000000000e+00 1.550000000000000000e+02 5.400000000000000000e+01 3.700000000000000000e+01 0.000000000000000000e+00
5.800000000000000000e+01 4.000000000000000000e+01 0.000000000000000000e+00 5.800000000000000000e+01 0.000000000000000000e+00 1.550000000000000000e+02 5.400000000000000000e+01 3.700000000000000000e+01 0.000000000000000000e+00 5.400000000000000000e+01 0.000000000000000000e+00 2.400000000000000000e+02
5.800000000000000000e+01 0.000000000000000000e+00 1.550000000000000000e+02 5.400000000000000000e+01 3.700000000000000000e+01 0.000000000000000000e+00 5.400000000000000000e+01 0.000000000000000000e+00 2.400000000000000000e+02 4.900000000000000000e+01 4.000000000000000000e+01 0.000000000000000000e+00
5.400000000000000000e+01 3.700000000000000000e+01 0.000000000000000000e+00 5.400000000000000000e+01 0.000000000000000000e+00 2.400000000000000000e+02 4.900000000000000000e+01 4.000000000000000000e+01 0.000000000000000000e+00 4.900000000000000000e+01 0.000000000000000000e+00 2.400000000000000000e+02
5.400000000000000000e+01 0.000000000000000000e+00 2.400000000000000000e+02 4.900000000000000000e+01 4.000000000000000000e+01 0.000000000000000000e+00 4.900000000000000000e+01 0.000000000000000000e+00 2.400000000000000000e+02 4.200000000000000000e+01 3.600000000000000000e+01 0.000000000000000000e+00
4.900000000000000000e+01 4.000000000000000000e+01 0.000000000000000000e+00 4.900000000000000000e+01 0.000000000000000000e+00 2.400000000000000000e+02 4.200000000000000000e+01 3.600000000000000000e+01 0.000000000000000000e+00 4.200000000000000000e+01 0.000000000000000000e+00 2.400000000000000000e+02
4.900000000000000000e+01 0.000000000000000000e+00 2.400000000000000000e+02 4.200000000000000000e+01 3.600000000000000000e+01 0.000000000000000000e+00 4.200000000000000000e+01 0.000000000000000000e+00 2.400000000000000000e+02 4.900000000000000000e+01 3.600000000000000000e+01 0.000000000000000000e+00
4.200000000000000000e+01 3.600000000000000000e+01 0.000000000000000000e+00 4.200000000000000000e+01 0.000000000000000000e+00 2.400000000000000000e+02 4.900000000000000000e+01 3.600000000000000000e+01 0.000000000000000000e+00 4.900000000000000000e+01 0.000000000000000000e+00 2.400000000000000000e+02
4.200000000000000000e+01 0.000000000000000000e+00 2.400000000000000000e+02 4.900000000000000000e+01 3.600000000000000000e+01 0.000000000000000000e+00 4.900000000000000000e+01 0.000000000000000000e+00 2.400000000000000000e+02 5.400000000000000000e+01 3.600000000000000000e+01 0.000000000000000000e+00
4.900000000000000000e+01 3.600000000000000000e+01 0.000000000000000000e+00 4.900000000000000000e+01 0.000000000000000000e+00 2.400000000000000000e+02 5.400000000000000000e+01 3.600000000000000000e+01 0.000000000000000000e+00 5.400000000000000000e+01 0.000000000000000000e+00 2.400000000000000000e+02
4.900000000000000000e+01 0.000000000000000000e+00 2.400000000000000000e+02 5.400000000000000000e+01 3.600000000000000000e+01 0.000000000000000000e+00 5.400000000000000000e+01 0.000000000000000000e+00 2.400000000000000000e+02 5.800000000000000000e+01 4.000000000000000000e+01 0.000000000000000000e+00
5.400000000000000000e+01 3.600000000000000000e+01 0.000000000000000000e+00 5.400000000000000000e+01 0.000000000000000000e+00 2.400000000000000000e+02 5.800000000000000000e+01 4.000000000000000000e+01 0.000000000000000000e+00 5.800000000000000000e+01 0.000000000000000000e+00 1.270000000000000000e+02
5.400000000000000000e+01 0.000000000000000000e+00 2.400000000000000000e+02 5.800000000000000000e+01 4.000000000000000000e+01 0.000000000000000000e+00 5.800000000000000000e+01 0.000000000000000000e+00 1.270000000000000000e+02 5.400000000000000000e+01 3.400000000000000000e+01 0.000000000000000000e+00
5.800000000000000000e+01 4.000000000000000000e+01 0.000000000000000000e+00 5.800000000000000000e+01 0.000000000000000000e+00 1.270000000000000000e+02 5.400000000000000000e+01 3.400000000000000000e+01 0.000000000000000000e+00 5.400000000000000000e+01 0.000000000000000000e+00 2.400000000000000000e+02
5.800000000000000000e+01 0.000000000000000000e+00 1.270000000000000000e+02 5.400000000000000000e+01 3.400000000000000000e+01 0.000000000000000000e+00 5.400000000000000000e+01 0.000000000000000000e+00 2.400000000000000000e+02 4.900000000000000000e+01 3.800000000000000000e+01 0.000000000000000000e+00
5.400000000000000000e+01 3.400000000000000000e+01 0.000000000000000000e+00 5.400000000000000000e+01 0.000000000000000000e+00 2.400000000000000000e+02 4.900000000000000000e+01 3.800000000000000000e+01 0.000000000000000000e+00 4.900000000000000000e+01 0.000000000000000000e+00 2.400000000000000000e+02
5.400000000000000000e+01 0.000000000000000000e+00 2.400000000000000000e+02 4.900000000000000000e+01 3.800000000000000000e+01 0.000000000000000000e+00 4.900000000000000000e+01 0.000000000000000000e+00 2.400000000000000000e+02 4.200000000000000000e+01 3.500000000000000000e+01 0.000000000000000000e+00
4.900000000000000000e+01 3.800000000000000000e+01 0.000000000000000000e+00 4.900000000000000000e+01 0.000000000000000000e+00 2.400000000000000000e+02 4.200000000000000000e+01 3.500000000000000000e+01 0.000000000000000000e+00 4.200000000000000000e+01 0.000000000000000000e+00 2.400000000000000000e+02
4.900000000000000000e+01 0.000000000000000000e+00 2.400000000000000000e+02 4.200000000000000000e+01 3.500000000000000000e+01 0.000000000000000000e+00 4.200000000000000000e+01 0.000000000000000000e+00 2.400000000000000000e+02 4.900000000000000000e+01 3.800000000000000000e+01 0.000000000000000000e+00
4.200000000000000000e+01 3.500000000000000000e+01 0.000000000000000000e+00 4.200000000000000000e+01 0.000000000000000000e+00 2.400000000000000000e+02 4.900000000000000000e+01 3.800000000000000000e+01 0.000000000000000000e+00 4.900000000000000000e+01 0.000000000000000000e+00 2.400000000000000000e+02
4.200000000000000000e+01 0.000000000000000000e+00 2.400000000000000000e+02 4.900000000000000000e+01 3.800000000000000000e+01 0.000000000000000000e+00 4.900000000000000000e+01 0.000000000000000000e+00 2.400000000000000000e+02 5.400000000000000000e+01 3.200000000000000000e+01 0.000000000000000000e+00
4.900000000000000000e+01 3.800000000000000000e+01 0.000000000000000000e+00 4.900000000000000000e+01 0.000000000000000000e+00 2.400000000000000000e+02 5.400000000000000000e+01 3.200000000000000000e+01 0.000000000000000000e+00 5.400000000000000000e+01 0.000000000000000000e+00 2.400000000000000000e+02
4.900000000000000000e+01 0.000000000000000000e+00 2.400000000000000000e+02 5.400000000000000000e+01 3.200000000000000000e+01 0.000000000000000000e+00 5.400000000000000000e+01 0.000000000000000000e+00 2.400000000000000000e+02 4.700000000000000000e+01 4.100000000000000000e+01 0.000000000000000000e+00
5.400000000000000000e+01 3.200000000000000000e+01 0.000000000000000000e+00 5.400000000000000000e+01 0.000000000000000000e+00 2.400000000000000000e+02 4.700000000000000000e+01 4.100000000000000000e+01 0.000000000000000000e+00 4.700000000000000000e+01 0.000000000000000000e+00 1.200000000000000000e+02
5.400000000000000000e+01 0.000000000000000000e+00 2.400000000000000000e+02 4.700000000000000000e+01 4.100000000000000000e+01 0.000000000000000000e+00 4.700000000000000000e+01 0.000000000000000000e+00 1.200000000000000000e+02 5.400000000000000000e+01 3.700000000000000000e+01 0.000000000000000000e+00
4.700000000000000000e+01 4.100000000000000000e+01 0.000000000000000000e+00 4.700000000000000000e+01 0.000000000000000000e+00 1.200000000000000000e+02 5.400000000000000000e+01 3.700000000000000000e+01 0.000000000000000000e+00 5.400000000000000000e+01 0.000000000000000000e+00 2.400000000000000000e+02
4.700000000000000000e+01 0.000000000000000000e+00 1.200000000000000000e+02 5.400000000000000000e+01 3.700000000000000000e+01 0.000000000000000000e+00 5.400000000000000000e+01 0.000000000000000000e+00 2.400000000000000000e+02 4.700000000000000000e+01 4.500000000000000000e+01 0.000000000000000000e+00
5.400000000000000000e+01 3.700000000000000000e+01 0.000000000000000000e+00 5.400000000000000000e+01 0.000000000000000000e+00 2.400000000000000000e+02 4.700000000000000000e+01 4.500000000000000000e+01 0.000000000000000000e+00 4.700000000000000000e+01 0.000000000000000000e+00 2.400000000000000000e+02
5.400000000000000000e+01 0.000000000000000000e+00 2.400000000000000000e+02 4.700000000000000000e+01 4.500000000000000000e+01 0.000000000000000000e+00 4.700000000000000000e+01 0.000000000000000000e+00 2.400000000000000000e+02 5.400000000000000000e+01 3.600000000000000000e+01 0.000000000000000000e+00
4.700000000000000000e+01 4.500000000000000000e+01 0.000000000000000000e+00 4.700000000000000000e+01 0.000000000000000000e+00 2.400000000000000000e+02 5.400000000000000000e+01 3.600000000000000000e+01 0.000000000000000000e+00 5.400000000000000000e+01 0.000000000000000000e+00 2.400000000000000000e+02
4.700000000000000000e+01 0.000000000000000000e+00 2.400000000000000000e+02 5.400000000000000000e+01 3.600000000000000000e+01 0.000000000000000000e+00 5.400000000000000000e+01 0.000000000000000000e+00 2.400000000000000000e+02 5.100000000000000000e+01 4.800000000000000000e+01 0.000000000000000000e+00
5.400000000000000000e+01 3.600000000000000000e+01 0.000000000000000000e+00 5.400000000000000000e+01 0.000000000000000000e+00 2.400000000000000000e+02 5.100000000000000000e+01 4.800000000000000000e+01 0.000000000000000000e+00 5.100000000000000000e+01 0.000000000000000000e+00 2.400000000000000000e+02
5.400000000000000000e+01 0.000000000000000000e+00 2.400000000000000000e+02 5.100000000000000000e+01 4.800000000000000000e+01 0.000000000000000000e+00 5.100000000000000000e+01 0.000000000000000000e+00 2.400000000000000000e+02 5.900000000000000000e+01 3.900000000000000000e+01 0.000000000000000000e+00
5.100000000000000000e+01 4.800000000000000000e+01 0.000000000000000000e+00 5.100000000000000000e+01 0.000000000000000000e+00 2.400000000000000000e+02 5.900000000000000000e+01 3.900000000000000000e+01 0.000000000000000000e+00 5.900000000000000000e+01 0.000000000000000000e+00 2.400000000000000000e+02
5.100000000000000000e+01 0.000000000000000000e+00 2.400000000000000000e+02 5.900000000000000000e+01 3.900000000000000000e+01 0.000000000000000000e+00 5.900000000000000000e+01 0.000000000000000000e+00 2.400000000000000000e+02 6.300000000000000000e+01 4.800000000000000000e+01 0.000000000000000000e+00
5.900000000000000000e+01 3.900000000000000000e+01 0.000000000000000000e+00 5.900000000000000000e+01 0.000000000000000000e+00 2.400000000000000000e+02 6.300000000000000000e+01 4.800000000000000000e+01 0.000000000000000000e+00 6.300000000000000000e+01 0.000000000000000000e+00 2.400000000000000000e+02
5.900000000000000000e+01 0.000000000000000000e+00 2.400000000000000000e+02 6.300000000000000000e+01 4.800000000000000000e+01 0.000000000000000000e+00 6.300000000000000000e+01 0.000000000000000000e+00 2.400000000000000000e+02 5.400000000000000000e+01 3.900000000000000000e+01 0.000000000000000000e+00
6.300000000000000000e+01 4.800000000000000000e+01 0.000000000000000000e+00 6.300000000000000000e+01 0.000000000000000000e+00 2.400000000000000000e+02 5.400000000000000000e+01 3.900000000000000000e+01 0.000000000000000000e+00 5.400000000000000000e+01 0.000000000000000000e+00 1.140000000000000000e+02
6.300000000000000000e+01 0.000000000000000000e+00 2.400000000000000000e+02 5.400000000000000000e+01 3.900000000000000000e+01 0.000000000000000000e+00 5.400000000000000000e+01 0.000000000000000000e+00 1.140000000000000000e+02 6.100000000000000000e+01 5.200000000000000000e+01 0.000000000000000000e+00
5.400000000000000000e+01 3.900000000000000000e+01 0.000000000000000000e+00 5.400000000000000000e+01 0.000000000000000000e+00 1.140000000000000000e+02 6.100000000000000000e+01 5.200000000000000000e+01 0.000000000000000000e+00 6.100000000000000000e+01 0.000000000000000000e+00 2.400000000000000000e+02
5.400000000000000000e+01 0.000000000000000000e+00 1.140000000000000000e+02 6.100000000000000000e+01 5.200000000000000000e+01 0.000000000000000000e+00 6.100000000000000000e+01 0.000000000000000000e+00 2.400000000000000000e+02 5.200000000000000000e+01 4.800000000000000000e+01 0.000000000000000000e+00
6.100000000000000000e+01 5.200000000000000000e+01 0.000000000000000000e+00 6.100000000000000000e+01 0.000000000000000000e+00 2.400000000000000000e+02 5.200000000000000000e+01 4.800000000000000000e+01 0.000000000000000000e+00 5.200000000000000000e+01 0.000000000000000000e+00 2.400000000000000000e+02
6.100000000000000000e+01 0.000000000000000000e+00 2.400000000000000000e+02 5.200000000000000000e+01 4.800000000000000000e+01 0.000000000000000000e+00 5.200000000000000000e+01 0.000000000000000000e+00 2.400000000000000000e+02 5.900000000000000000e+01 5.300000000000000000e+01 0.000000000000000000e+00
5.200000000000000000e+01 4.800000000000000000e+01 0.000000000000000000e+00 5.200000000000000000e+01 0.000000000000000000e+00 2.400000000000000000e+02 5.900000000000000000e+01 5.300000000000000000e+01 0.000000000000000000e+00 5.900000000000000000e+01 0.000000000000000000e+00 9.100000000000000000e+01
5.200000000000000000e+01 0.000000000000000000e+00 2.400000000000000000e+02 5.900000000000000000e+01 5.300000000000000000e+01 0.000000000000000000e+00 5.900000000000000000e+01 0.000000000000000000e+00 9.100000000000000000e+01 5.100000000000000000e+01 4.900000000000000000e+01 0.000000000000000000e+00
5.900000000000000000e+01 5.300000000000000000e+01 0.000000000000000000e+00 5.900000000000000000e+01 0.000000000000000000e+00 9.100000000000000000e+01 5.100000000000000000e+01 4.900000000000000000e+01 0.000000000000000000e+00 5.100000000000000000e+01 0.000000000000000000e+00 2.400000000000000000e+02
5.900000000000000000e+01 0.000000000000000000e+00 9.100000000000000000e+01 5.100000000000000000e+01 4.900000000000000000e+01 0.000000000000000000e+00 5.100000000000000000e+01 0.000000000000000000e+00 2.400000000000000000e+02 4.400000000000000000e+01 5.400000000000000000e+01 0.000000000000000000e+00
5.100000000000000000e+01 4.900000000000000000e+01 0.000000000000000000e+00 5.100000000000000000e+01 0.000000000000000000e+00 2.400000000000000000e+02 4.400000000000000000e+01 5.400000000000000000e+01 0.000000000000000000e+00 4.400000000000000000e+01 0.000000000000000000e+00 1.130000000000000000e+02
5.100000000000000000e+01 0.000000000000000000e+00 2.400000000000000000e+02 4.400000000000000000e+01 5.400000000000000000e+01 0.000000000000000000e+00 4.400000000000000000e+01 0.000000000000000000e+00 1.130000000000000000e+02 5.100000000000000000e+01 4.700000000000000000e+01 0.000000000000000000e+00
4.400000000000000000e+01 5.400000000000000000e+01 0.000000000000000000e+00 4.400000000000000000e+01 0.000000000000000000e+00 1.130000000000000000e+02 5.100000000000000000e+01 4.700000000000000000e+01 0.000000000000000000e+00 5.100000000000000000e+01 0.000000000000000000e+00 2.400000000000000000e+02
4.400000000000000000e+01 0.000000000000000000e+00 1.130000000000000000e+02 5.100000000000000000e+01 4.700000000000000000e+01 0.000000000000000000e+00 5.100000000000000000e+01 0.000000000000000000e+00 2.400000000000000000e+02 6.300000000000000000e+01 5.400000000000000000e+01 0.000000000000000000e+00
5.100000000000000000e+01 4.700000000000000000e+01 0.000000000000000000e+00 5.100000000000000000e+01 0.000000000000000000e+00 2.400000000000000000e+02 6.300000000000000000e+01 5.400000000000000000e+01 0.000000000000000000e+00 6.300000000000000000e+01 0.000000000000000000e+00 2.400000000000000000e+02
5.100000000000000000e+01 0.000000000000000000e+00 2.400000000000000000e+02 6.300000000000000000e+01 5.400000000000000000e+01 0.000000000000000000e+00 6.300000000000000000e+01 0.000000000000000000e+00 2.400000000000000000e+02 5.600000000000000000e+01 4.700000000000000000e+01 0.000000000000000000e+00
6.300000000000000000e+01 5.400000000000000000e+01 0.000000000000000000e+00 6.300000000000000000e+01 0.000000000000000000e+00 2.400000000000000000e+02 5.600000000000000000e+01 4.700000000000000000e+01 0.000000000000000000e+00 5.600000000000000000e+01 0.000000000000000000e+00 2.400000000000000000e+02
6.300000000000000000e+01 0.000000000000000000e+00 2.400000000000000000e+02 5.600000000000000000e+01 4.700000000000000000e+01 0.000000000000000000e+00 5.600000000000000000e+01 0.000000000000000000e+00 2.400000000000000000e+02 6.300000000000000000e+01 5.200000000000000000e+01 0.000000000000000000e+00
5.600000000000000000e+01 4.700000000000000000e+01 0.000000000000000000e+00 5.600000000000000000e+01 0.000000000000000000e+00 2.400000000000000000e+02 6.300000000000000000e+01 5.200000000000000000e+01 0.000000000000000000e+00 6.300000000000000000e+01 0.000000000000000000e+00 2.400000000000000000e+02
5.600000000000000000e+01 0.000000000000000000e+00 2.400000000000000000e+02 6.300000000000000000e+01 5.200000000000000000e+01 0.000000000000000000e+00 6.300000000000000000e+01 0.000000000000000000e+00 2.400000000000000000e+02 5.900000000000000000e+01 3.500000000000000000e+01 0.000000000000000000e+00
6.300000000000000000e+01 5.200000000000000000e+01 0.000000000000000000e+00 6.300000000000000000e+01 0.000000000000000000e+00 2.400000000000000000e+02 5.900000000000000000e+01 3.500000000000000000e+01 0.000000000000000000e+00 5.900000000000000000e+01 0.000000000000000000e+00 2.400000000000000000e+02
6.300000000000000000e+01 0.000000000000000000e+00 2.400000000000000000e+02 5.900000000000000000e+01 3.500000000000000000e+01 0.000000000000000000e+00 5.900000000000000000e+01 0.000000000000000000e+00 2.400000000000000000e+02 5.100000000000000000e+01 3.900000000000000000e+01 0.000000000000000000e+00
5.900000000000000000e+01 3.500000000000000000e+01 0.000000000000000000e+00 5.900000000000000000e+01 0.000000000000000000e+00 2.400000000000000000e+02 5.100000000000000000e+01 3.900000000000000000e+01 0.000000000000000000e+00 5.100000000000000000e+01 0.000000000000000000e+00 1.410000000000000000e+02
5.900000000000000000e+01 0.000000000000000000e+00 2.400000000000000000e+02 5.100000000000000000e+01 3.900000000000000000e+01 0.000000000000000000e+00 5.100000000000000000e+01 0.000000000000000000e+00 1.410000000000000000e+02 6.600000000000000000e+01 4.400000000000000000e+01 0.000000000000000000e+00
5.100000000000000000e+01 3.900000000000000000e+01 0.000000000000000000e+00 5.100000000000000000e+01 0.000000000000000000e+00 1.410000000000000000e+02 6.600000000000000000e+01 4.400000000000000000e+01 0.000000000000000000e+00 6.600000000000000000e+01 0.000000000000000000e+00 2.400000000000000000e+02
5.100000000000000000e+01 0.000000000000000000e+00 1.410000000000000000e+02 6.600000000000000000e+01 4.400000000000000000e+01 0.000000000000000000e+00 6.600000000000000000e+01 0.000000000000000000e+00 2.400000000000000000e+02 5.800000000000000000e+01 4.900000000000000000e+01 0.000000000000000000e+00
6.600000000000000000e+01 4.400000000000000000e+01 0.000000000000000000e+00 6.600000000000000000e+01 0.000000000000000000e+00 2.400000000000000000e+02 5.800000000000000000e+01 4.900000000000000000e+01 0.000000000000000000e+00 5.800000000000000000e+01 0.000000000000000000e+00 2.400000000000000000e+02
6.600000000000000000e+01 0.000000000000000000e+00 2.400000000000000000e+02 5.800000000000000000e+01 4.900000000000000000e+01 0.000000000000000000e+00 5.800000000000000000e+01 0.000000000000000000e+00 2.400000000000000000e+02 5.400000000000000000e+01 4.000000000000000000e+01 0.000000000000000000e+00
5.800000000000000000e+01 4.900000000000000000e+01 0.000000000000000000e+00 5.800000000000000000e+01 0.000000000000000000e+00 2.400000000000000000e+02 5.400000000000000000e+01 4.000000000000000000e+01 0.000000000000000000e+00 5.400000000000000000e+01 0.000000000000000000e+00 2.400000000000000000e+02
5.800000000000000000e+01 0.000000000000000000e+00 2.400000000000000000e+02 5.400000000000000000e+01 4.000000000000000000e+01 0.000000000000000000e+00 5.400000000000000000e+01 0.000000000000000000e+00 2.400000000000000000e+02 6.300000000000000000e+01 4.700000000000000000e+01 0.000000000000000000e+00
5.400000000000000000e+01 4.000000000000000000e+01 0.000000000000000000e+00 5.400000000000000000e+01 0.000000000000000000e+00 2.400000000000000000e+02 6.300000000000000000e+01 4.700000000000000000e+01 0.000000000000000000e+00 6.300000000000000000e+01 0.000000000000000000e+00 2.400000000000000000e+02
5.400000000000000000e+01 0.000000000000000000e+00 2.400000000000000000e+02 6.300000000000000000e+01 4.700000000000000000e+01 0.000000000000000000e+00 6.300000000000000000e+01 0.000000000000000000e+00 2.400000000000000000e+02 5.800000000000000000e+01 4.900000000000000000e+01 0.000000000000000000e+00
6.300000000000000000e+01 4.700000000000000000e+01 0.000000000000000000e+00 6.300000000000000000e+01 0.000000000000000000e+00 2.400000000000000000e+02 5.800000000000000000e+01 4.900000000000000000e+01 0.000000000000000000e+00 5.800000000000000000e+01 0.000000000000000000e+00 2.400000000000000000e+02
6.300000000000000000e+01 0.000000000000000000e+00 2.400000000000000000e+02 5.800000000000000000e+01 4.900000000000000000e+01 0.000000000000000000e+00 5.800000000000000000e+01 0.000000000000000000e+00 2.400000000000000000e+02 4.000000000000000000e+01 5.300000000000000000e+01 0.000000000000000000e+00
5.800000000000000000e+01 4.900000000000000000e+01 0.000000000000000000e+00 5.800000000000000000e+01 0.000000000000000000e+00 2.400000000000000000e+02 4.000000000000000000e+01 5.300000000000000000e+01 0.000000000000000000e+00 4.000000000000000000e+01 0.000000000000000000e+00 1.130000000000000000e+02
5.800000000000000000e+01 0.000000000000000000e+00 2.400000000000000000e+02 4.000000000000000000e+01 5.300000000000000000e+01 0.000000000000000000e+00 4.000000000000000000e+01 0.000000000000000000e+00 1.130000000000000000e+02 5.900000000000000000e+01 3.800000000000000000e+01 0.000000000000000000e+00
4.000000000000000000e+01 5.300000000000000000e+01 0.000000000000000000e+00 4.000000000000000000e+01 0.000000000000000000e+00 1.130000000000000000e+02 5.900000000000000000e+01 3.800000000000000000e+01 0.000000000000000000e+00 5.900000000000000000e+01 0.000000000000000000e+00 2.400000000000000000e+02
4.000000000000000000e+01 0.000000000000000000e+00 1.130000000000000000e+02 5.900000000000000000e+01 3.800000000000000000e+01 0.000000000000000000e+00 5.900000000000000000e+01 0.000000000000000000e+00 2.400000000000000000e+02 4.700000000000000000e+01 3.600000000000000000e+01 0.000000000000000000e+00
5.900000000000000000e+01 3.800000000000000000e+01 0.000000000000000000e+00 5.900000000000000000e+01 0.000000000000000000e+00 2.400000000000000000e+02 4.700000000000000000e+01 3.600000000000000000e+01 0.000000000000000000e+00 4.700000000000000000e+01 0.000000000000000000e+00 2.400000000000000000e+02
5.900000000000000000e+01 0.000000000000000000e+00 2.400000000000000000e+02 4.700000000000000000e+01 3.600000000000000000e+01 0.000000000000000000e+00 4.700000000000000000e+01 0.000000000000000000e+00 2.400000000000000000e+02 5.600000000000000000e+01 3.500000000000000000e+01 0.000000000000000000e+00
4.700000000000000000e+01 3.600000000000000000e+01 0.000000000000000000e+00 4.700000000000000000e+01 0.000000000000000000e+00 2.400000000000000000e+02 5.600000000000000000e+01 3.500000000000000000e+01 0.000000000000000000e+00 5.600000000000000000e+01 0.000000000000000000e+00 2.400000000000000000e+02
4.700000000000000000e+01 0.000000000000000000e+00 2.400000000000000000e+02 5.600000000000000000e+01 3.500000000000000000e+01 0.000000000000000000e+00 5.600000000000000000e+01 0.000000000000000000e+00 2.400000000000000000e+02 5.900000000000000000e+01 3.700000000000000000e+01 0.000000000000000000e+00
5.600000000000000000e+01 3.500000000000000000e+01 0.000000000000000000e+00 5.600000000000000000e+01 0.000000000000000000e+00 2.400000000000000000e+02 5.900000000000000000e+01 3.700000000000000000e+01 0.000000000000000000e+00 5.900000000000000000e+01 0.000000000000000000e+00 2.400000000000000000e+02
5.600000000000000000e+01 0.000000000000000000e+00 2.400000000000000000e+02 5.900000000000000000e+01 3.700000000000000000e+01 0.000000000000000000e+00 5.900000000000000000e+01 0.000000000000000000e+00 2.400000000000000000e+02 5.200000000000000000e+01 4.200000000000000000e+01 0.000000000000000000e+00
5.900000000000000000e+01 3.700000000000000000e+01 0.000000000000000000e+00 5.900000000000000000e+01 0.000000000000000000e+00 2.400000000000000000e+02 5.200000000000000000e+01 4.200000000000000000e+01 0.000000000000000000e+00 5.200000000000000000e+01 0.000000000000000000e+00 2.400000000000000000e+02
5.900000000000000000e+01 0.000000000000000000e+00 2.400000000000000000e+02 5.200000000000000000e+01 4.200000000000000000e+01 0.000000000000000000e+00 5.200000000000000000e+01 0.000000000000000000e+00 2.400000000000000000e+02 4.700000000000000000e+01 4.000000000000000000e+01 0.000000000000000000e+00
5.200000000000000000e+01 4.200000000000000000e+01 0.000000000000000000e+00 5.200000000000000000e+01 0.000000000000000000e+00 2.400000000000000000e+02 4.700000000000000000e+01 4.000000000000000000e+01 0.000000000000000000e+00 4.700000000000000000e+01 0.000000000000000000e+00 1.370000000000000000e+02
5.200000000000000000e+01 0.000000000000000000e+00 2.400000000000000000e+02 4.700000000000000000e+01 4.000000000000000000e+01 0.000000000000000000e+00 4.700000000000000000e+01 0.000000000000000000e+00 1.370000000000000000e+02 5.300000000000000000e+01 4.000000000000000000e+01 0.000000000000000000e+00
4.700000000000000000e+01 4.000000000000000000e+01 0.000000000000000000e+00 4.700000000000000000e+01 0.000000000000000000e+00 1.370000000000000000e+02 5.300000000000000000e+01 4.000000000000000000e+01 0.000000000000000000e+00 5.300000000000000000e+01 0.000000000000000000e+00 2.400000000000000000e+02
4.700000000000000000e+01 0.000000000000000000e+00 1.370000000000000000e+02 5.300000000000000000e+01 4.000000000000000000e+01 0.000000000000000000e+00 5.300000000000000000e+01 0.000000000000000000e+00 2.400000000000000000e+02 5.400000000000000000e+01 4.700000000000000000e+01 0.000000000000000000e+00
5.300000000000000000e+01 4.000000000000000000e+01 0.000000000000000000e+00 5.300000000000000000e+01 0.000000000000000000e+00 2.400000000000000000e+02 5.400000000000000000e+01 4.700000000000000000e+01 0.000000000000000000e+00 5.400000000000000000e+01 0.000000000000000000e+00 2.400000000000000000e+02
5.300000000000000000e+01 0.000000000000000000e+00 2.400000000000000000e+02 5.400000000000000000e+01 4.700000000000000000e+01 0.000000000000000000e+00 5.400000000000000000e+01 0.000000000000000000e+00 2.400000000000000000e+02 6.100000000000000000e+01 4.800000000000000000e+01 0.000000000000000000e+00
5.400000000000000000e+01 4.700000000000000000e+01 0.000000000000000000e+00 5.400000000000000000e+01 0.000000000000000000e+00 2.400000000000000000e+02 6.100000000000000000e+01 4.800000000000000000e+01 0.000000000000000000e+00 6.100000000000000000e+01 0.000000000000000000e+00 1.140000000000000000e+02
5.400000000000000000e+01 0.000000000000000000e+00 2.400000000000000000e+02 6.100000000000000000e+01 4.800000000000000000e+01 0.000000000000000000e+00 6.100000000000000000e+01 0.000000000000000000e+00 1.140000000000000000e+02 5.900000000000000000e+01 4.300000000000000000e+01 0.000000000000000000e+00
6.100000000000000000e+01 4.800000000000000000e+01 0.000000000000000000e+00 6.100000000000000000e+01 0.000000000000000000e+00 1.140000000000000000e+02 5.900000000000000000e+01 4.300000000000000000e+01 0.000000000000000000e+00 5.900000000000000000e+01 0.000000000000000000e+00 2.400000000000000000e+02
6.100000000000000000e+01 0.000000000000000000e+00 1.140000000000000000e+02 5.900000000000000000e+01 4.300000000000000000e+01 0.000000000000000000e+00 5.900000000000000000e+01 0.000000000000000000e+00 2.400000000000000000e+02 5.600000000000000000e+01 3.500000000000000000e+01 0.000000000000000000e+00
5.900000000000000000e+01 4.300000000000000000e+01 0.000000000000000000e+00 5.900000000000000000e+01 0.000000000000000000e+00 2.400000000000000000e+02 5.600000000000000000e+01 3.500000000000000000e+01 0.000000000000000000e+00 5.600000000000000000e+01 0.000000000000000000e+00 2.400000000000000000e+02
5.900000000000000000e+01 0.000000000000000000e+00 2.400000000000000000e+02 5.600000000000000000e+01 3.500000000000000000e+01 0.000000000000000000e+00 5.600000000000000000e+01 0.000000000000000000e+00 2.400000000000000000e+02 5.800000000000000000e+01 3.800000000000000000e+01 0.000000000000000000e+00
5.600000000000000000e+01 3.500000000000000000e+01 0.000000000000000000e+00 5.600000000000000000e+01 0.000000000000000000e+00 2.400000000000000000e+02 5.800000000000000000e+01 3.800000000000000000e+01 0.000000000000000000e+00 5.800000000000000000e+01 0.000000000000000000e+00 1.730000000000000000e+02
5.600000000000000000e+01 0.000000000000000000e+00 2.400000000000000000e+02 5.800000000000000000e+01 3.800000000000000000e+01 0.000000000000000000e+00 5.800000000000000000e+01 0.000000000000000000e+00 1.730000000000000000e+02 5.400000000000000000e+01 3.100000000000000000e+01 0.000000000000000000e+00
5.800000000000000000e+01 3.800000000000000000e+01 0.000000000000000000e+00 5.800000000000000000e+01 0.000000000000000000e+00 1.730000000000000000e+02 5.400000000000000000e+01 3.100000000000000000e+01 0.000000000000000000e+00 5.400000000000000000e+01 0.000000000000000000e+00 2.400000000000000000e+02
5.800000000000000000e+01 0.000000000000000000e+00 1.730000000000000000e+02 5.400000000000000000e+01 3.100000000000000000e+01 0.000000000000000000e+00 5.400000000000000000e+01 0.000000000000000000e+00 2.400000000000000000e+02 4.900000000000000000e+01 3.600000000000000000e+01 0.000000000000000000e+00
5.400000000000000000e+01 3.100000000000000000e+01 0.000000000000000000e+00 5.400000000000000000e+01 0.000000000000000000e+00 2.400000000000000000e+02 4.900000000000000000e+01 3.600000000000000000e+01 0.000000000000000000e+00 4.900000000000000000e+01 0.000000000000000000e+00 2.400000000000000000e+02
5.400000000000000000e+01 0.000000000000000000e+00 2.400000000000000000e+02 4.900000000000000000e+01 3.600000000000000000e+01 0.000000000000000000e+00 4.900000000000000000e+01 0.000000000000000000e+00 2.400000000000000000e+02 4.200000000000000000e+01 3.000000000000000000e+01 0.000000000000000000e+00
4.900000000000000000e+01 3.600000000000000000e+01 0.000000000000000000e+00 4.900000000000000000e+01 0.000000000000000000e+00 2.400000000000000000e+02 4.200000000000000000e+01 3.000000000000000000e+01 0.000000000000000000e+00 4.200000000000000000e+01 0.000000000000000000e+00 2.400000000000000000e+02
4.900000000000000000e+01 0.000000000000000000e+00 2.400000000000000000e+02 4.200000000000000000e+01 3.000000000000000000e+01 0.000000000000000000e+00 4.200000000000000000e+01 0.000000000000000000e+00 2.400000000000000000e+02 4.900000000000000000e+01 3.400000000000000000e+01 0.000000000000000000e+00
4.200000000000000000e+01 3.000000000000000000e+01 0.000000000000000000e+00 4.200000000000000000e+01 0.000000000000000000e+00 2.400000000000000000e+02 4.900000000000000000e+01 3.400000000000000000e+01 0.000000000000000000e+00 4.900000000000000000e+01 0.000000000000000000e+00 2.400000000000000000e+02
4.200000000000000000e+01 0.000000000000000000e+00 2.400000000000000000e+02 4.900000000000000000e+01 3.400000000000000000e+01 0.000000000000000000e+00 4.900000000000000000e+01 0.000000000000000000e+00 2.400000000000000000e+02 5.400000000000000000e+01 3.400000000000000000e+01 0.000000000000000000e+00
4.900000000000000000e+01 3.400000000000000000e+01 0.000000000000000000e+00 4.900000000000000000e+01 0.000000000000000000e+00 2.400000000000000000e+02 5.400000000000000000e+01 3.400000000000000000e+01 0.000000000000000000e+00 5.400000000000000000e+01 0.000000000000000000e+00 2.400000000000000000e+02
4.900000000000000000e+01 0.000000000000000000e+00 2.400000000000000000e+02 5.400000000000000000e+01 3.400000000000000000e+01 0.000000000000000000e+00 5.400000000000000000e+01 0.000000000000000000e+00 2.400000000000000000e+02 5.800000000000000000e+01 3.600000000000000000e+01 0.000000000000000000e+00
5.400000000000000000e+01 3.400000000000000000e+01 0.000000000000000000e+00 5.400000000000000000e+01 0.000000000000000000e+00 2.400000000000000000e+02 5.800000000000000000e+01 3.600000000000000000e+01 0.000000000000000000e+00 5.800000000000000000e+01 0.000000000000000000e+00 1.690000000000000000e+02
5.400000000000000000e+01 0.000000000000000000e+00 2.400000000000000000e+02 5.800000000000000000e+01 3.600000000000000000e+01 0.000000000000000000e+00 5.800000000000000000e+01 0.000000000000000000e+00 1.690000000000000000e+02 5.400000000000000000e+01 3.300000000000000000e+01 0.000000000000000000e+00
5.800000000000000000e+01 3.600000000000000000e+01 0.000000000000000000e+00 5.800000000000000000e+01 0.000000000000000000e+00 1.690000000000000000e+02 5.400000000000000000e+01 3.300000000000000000e+01 0.000000000000000000e+00 5.400000000000000000e+01 0.000000000000000000e+00 2.400000000000000000e+02
5.800000000000000000e+01 0.000000000000000000e+00 1.690000000000000000e+02 5.400000000000000000e+01 3.300000000000000000e+01 0.000000000000000000e+00 5.400000000000000000e+01 0.000000000000000000e+00 2.400000000000000000e+02 4.900000000000000000e+01 3.500000000000000000e+01 0.000000000000000000e+00
5.400000000000000000e+01 3.300000000000000000e+01 0.000000000000000000e+00 5.400000000000000000e+01 0.000000000000000000e+00 2.400000000000000000e+02 4.900000000000000000e+01 3.500000000000000000e+01 0.000000000000000000e+00 4.900000000000000000e+01 0.000000000000000000e+00 2.400000000000000000e+02
5.400000000000000000e+01 0.000000000000000000e+00 2.400000000000000000e+02 4.900000000000000000e+01 3.500000000000000000e+01 0.000000000000000000e+00 4.900000000000000000e+01 0.000000000000000000e+00 2.400000000000000000e+02 4.200000000000000000e+01 3.100000000000000000e+01 0.000000000000000000e+00
4.900000000000000000e+01 3.500000000000000000e+01 0.000000000000000000e+00 4.900000000000000000e+01 0.000000000000000000e+00 2.400000000000000000e+02 4.200000000000000000e+01 3.100000000000000000e+01 0.000000000000000000e+00 4.200000000000000000e+01 0.000000000000000000e+00 2.400000000000000000e+02
4.900000000000000000e+01 0.000000000000000000e+00 2.400000000000000000e+02 4.200000000000000000e+01 3.100000000000000000e+01 0.000000000000000000e+00 4.200000000000000000e+01 0.000000000000000000e+00 2.400000000000000000e+02 4.900000000000000000e+01 3.200000000000000000e+01 0.000000000000000000e+00
4.200000000000000000e+01 3.100000000000000000e+01 0.000000000000000000e+00 4.200000000000000000e+01 0.000000000000000000e+00 2.400000000000000000e+02 4.900000000000000000e+01 3.200000000000000000e+01 0.000000000000000000e+00 4.900000000000000000e+01 0.000000000000000000e+00 2.400000000000000000e+02
4.200000000000000000e+01 0.000000000000000000e+00 2.400000000000000000e+02 4.900000000000000000e+01 3.200000000000000000e+01 0.000000000000000000e+00 4.900000000000000000e+01 0.000000000000000000e+00 2.400000000000000000e+02 5.400000000000000000e+01 3.000000000000000000e+01 0.000000000000000000e+00
4.900000000000000000e+01 3.200000000000000000e+01 0.000000000000000000e+00 4.900000000000000000e+01 0.000000000000000000e+00 2.400000000000000000e+02 5.400000000000000000e+01 3.000000000000000000e+01 0.000000000000000000e+00 5.400000000000000000e+01 0.000000000000000000e+00 2.400000000000000000e+02
4.900000000000000000e+01 0.000000000000000000e+00 2.400000000000000000e+02 5.400000000000000000e+01 3.000000000000000000e+01 0.000000000000000000e+00 5.400000000000000000e+01 0.000000000000000000e+00 2.400000000000000000e+02 3.500000000000000000e+01 3.500000000000000000e+01 0.000000000000000000e+00
5.400000000000000000e+01 3.000000000000000000e+01 0.000000000000000000e+00 5.400000000000000000e+01 0.000000000000000000e+00 2.400000000000000000e+02 3.500000000000000000e+01 3.500000000000000000e+01 0.000000000000000000e+00 3.500000000000000000e+01 0.000000000000000000e+00 5.300000000000000000e+01
5.400000000000000000e+01 0.000000000000000000e+00 2.400000000000000000e+02 3.500000000000000000e+01 3.500000000000000000e+01 0.000000000000000000e+00 3.500000000000000000e+01 0.000000000000000000e+00 5.300000000000000000e+01 4.200000000000000000e+01 3.200000000000000000e+01 0.000000000000000000e+00
3.500000000000000000e+01 3.500000000000000000e+01 0.000000000000000000e+00 3.500000000000000000e+01 0.000000000000000000e+00 5.300000000000000000e+01 4.200000000000000000e+01 3.200000000000000000e+01 0.000000000000000000e+00 4.200000000000000000e+01 0.000000000000000000e+00 2.400000000000000000e+02
3.500000000000000000e+01 0.000000000000000000e+00 5.300000000000000000e+01 4.200000000000000000e+01 3.200000000000000000e+01 0.000000000000000000e+00 4.200000000000000000e+01 0.000000000000000000e+00 2.400000000000000000e+02 4.700000000000000000e+01 3.600000000000000000e+01 0.000000000000000000e+00
4.200000000000000000e+01 3.200000000000000000e+01 0.000000000000000000e+00 4.200000000000000000e+01 0.000000000000000000e+00 2.400000000000000000e+02 4.700000000000000000e+01 3.600000000000000000e+01 0.000000000000000000e+00 4.700000000000000000e+01 0.000000000000000000e+00 2.400000000000000000e+02
4.200000000000000000e+01 0.000000000000000000e+00 2.400000000000000000e+02 4.700000000000000000e+01 3.600000000000000000e+01 0.000000000000000000e+00 4.700000000000000000e+01 0.000000000000000000e+00 2.400000000000000000e+02 5.400000000000000000e+01 3.100000000000000000e+01 0.000000000000000000e+00
4.700000000000000000e+01 3.600000000000000000e+01 0.000000000000000000e+00 4.700000000000000000e+01 0.000000000000000000e+00 2.400000000000000000e+02 5.400000000000000000e+01 3.100000000000000000e+01 0.000000000000000000e+00 5.400000000000000000e+01 0.000000000000000000e+00 2.400000000000000000e+02
4.700000000000000000e+01 0.000000000000000000e+00 2.400000000000000000e+02 5.400000000000000000e+01 3.100000000000000000e+01 0.000000000000000000e+00 5.400000000000000000e+01 0.000000000000000000e+00 2.400000000000000000e+02 5.100000000000000000e+01 3.700000000000000000e+01 0.000000000000000000e+00
5.400000000000000000e+01 3.100000000000000000e+01 0.000000000000000000e+00 5.400000000000000000e+01 0.000000000000000000e+00 2.400000000000000000e+02 5.100000000000000000e+01 3.700000000000000000e+01 0.000000000000000000e+00 5.100000000000000000e+01 0.000000000000000000e+00 2.400000000000000000e+02
5.400000000000000000e+01 0.000000000000000000e+00 2.400000000000000000e+02 5.100000000000000000e+01 3.700000000000000000e+01 0.000000000000000000e+00 5.100000000000000000e+01 0.000000000000000000e+00 2.400000000000000000e+02 5.900000000000000000e+01 3.300000000000000000e+01 0.000000000000000000e+00
5.100000000000000000e+01 3.700000000000000000e+01 0.000000000000000000e+00 5.100000000000000000e+01 0.000000000000000000e+00 2.400000000000000000e+02 5.900000000000000000e+01 3.300000000000000000e+01 0.000000000000000000e+00 5.900000000000000000e+01 0.000000000000000000e+00 2.400000000000000000e+02
5.100000000000000000e+01 0.000000000000000000e+00 2.400000000000000000e+02 5.900000000000000000e+01 3.300000000000000000e+01 0.000000000000000000e+00 5.900000000000000000e+01 0.000000000000000000e+00 2.400000000000000000e+02 6.200000000000000000e+01 2.700000000000000000e+01 0.000000000000000000e+00
5.900000000000000000e+01 3.300000000000000000e+01 0.000000000000000000e+00 5.900000000000000000e+01 0.000000000000000000e+00 2.400000000000000000e+02 6.200000000000000000e+01 2.700000000000000000e+01 0.000000000000000000e+00 6.200000000000000000e+01 0.000000000000000000e+00 1.030000000000000000e+02
5.900000000000000000e+01 0.000000000000000000e+00 2.400000000000000000e+02 6.200000000000000000e+01 2.700000000000000000e+01 0.000000000000000000e+00 6.200000000000000000e+01 0.000000000000000000e+00 1.030000000000000000e+02 6.300000000000000000e+01 2.700000000000000000e+01 0.000000000000000000e+00
6.200000000000000000e+01 2.700000000000000000e+01 0.000000000000000000e+00 6.200000000000000000e+01 0.000000000000000000e+00 1.030000000000000000e+02 6.300000000000000000e+01 2.700000000000000000e+01 0.000000000000000000e+00 6.300000000000000000e+01 0.000000000000000000e+00 2.400000000000000000e+02
6.200000000000000000e+01 0.000000000000000000e+00 1.030000000000000000e+02 6.300000000000000000e+01 2.700000000000000000e+01 0.000000000000000000e+00 6.300000000000000000e+01 0.000000000000000000e+00 2.400000000000000000e+02 6.400000000000000000e+01 2.900000000000000000e+01 0.000000000000000000e+00
6.300000000000000000e+01 2.700000000000000000e+01 0.000000000000000000e+00 6.300000000000000000e+01 0.000000000000000000e+00 2.400000000000000000e+02 6.400000000000000000e+01 2.900000000000000000e+01 0.000000000000000000e+00 6.400000000000000000e+01 0.000000000000000000e+00 2.400000000000000000e+02
6.300000000000000000e+01 0.000000000000000000e+00 2.400000000000000000e+02 6.400000000000000000e+01 2.900000000000000000e+01 0.000000000000000000e+00 6.400000000000000000e+01 0.000000000000000000e+00 2.400000000000000000e+02 6.300000000000000000e+01 2.700000000000000000e+01 0.000000000000000000e+00
6.400000000000000000e+01 2.900000000000000000e+01 0.000000000000000000e+00 6.400000000000000000e+01 0.000000000000000000e+00 2.400000000000000000e+02 6.300000000000000000e+01 2.700000000000000000e+01 0.000000000000000000e+00 6.300000000000000000e+01 0.000000000000000000e+00 2.260000000000000000e+02
6.400000000000000000e+01 0.000000000000000000e+00 2.400000000000000000e+02 6.300000000000000000e+01 2.700000000000000000e+01 0.000000000000000000e+00 6.300000000000000000e+01 0.000000000000000000e+00 2.260000000000000000e+02 6.100000000000000000e+01 3.000000000000000000e+01 0.000000000000000000e+00
6.300000000000000000e+01 2.700000000000000000e+01 0.000000000000000000e+00 6.300000000000000000e+01 0.000000000000000000e+00 2.260000000000000000e+02 6.100000000000000000e+01 3.000000000000000000e+01 0.000000000000000000e+00 6.100000000000000000e+01 0.000000000000000000e+00 2.400000000000000000e+02
6.300000000000000000e+01 0.000000000000000000e+00 2.260000000000000000e+02 6.100000000000000000e+01 3.000000000000000000e+01 0.000000000000000000e+00 6.100000000000000000e+01 0.000000000000000000e+00 2.400000000000000000e+02 5.900000000000000000e+01 2.900000000000000000e+01 0.000000000000000000e+00
6.100000000000000000e+01 3.000000000000000000e+01 0.000000000000000000e+00 6.100000000000000000e+01 0.000000000000000000e+00 2.400000000000000000e+02 5.900000000000000000e+01 2.900000000000000000e+01 0.000000000000000000e+00 5.900000000000000000e+01 0.000000000000000000e+00 2.400000000000000000e+02
6.100000000000000000e+01 0.000000000000000000e+00 2.400000000000000000e+02 5.900000000000000000e+01 2.900000000000000000e+01 0.000000000000000000e+00 5.900000000000000000e+01 0.000000000000000000e+00 2.400000000000000000e+02 5.800000000000000000e+01 3.600000000000000000e+01 0.000000000000000000e+00
5.900000000000000000e+01 2.900000000000000000e+01 0.000000000000000000e+00 5.900000000000000000e+01 0.000000000000000000e+00 2.400000000000000000e+02 5.800000000000000000e+01 3.600000000000000000e+01 0.000000000000000000e+00 5.800000000000000000e+01 0.000000000000000000e+00 1.800000000000000000e+02
5.900000000000000000e+01 0.000000000000000000e+00 2.400000000000000000e+02 5.800000000000000000e+01 3.600000000000000000e+01 0.000000000000000000e+00 5.800000000000000000e+01 0.000000000000000000e+00 1.800000000000000000e+02 4.900000000000000000e+01 3.000000000000000000e+01 2.400000000000000000e+02
5.800000000000000000e+01 3.600000000000000000e+01 0.000000000000000000e+00 5.800000000000000000e+01 0.000000000000000000e+00 1.800000000000000000e+02 4.900000000000000000e+01 3.000000000000000000e+01 2.400000000000000000e+02 4.900000000000000000e+01 0.000000000000000000e+00 2.400000000000000000e+02
5.800000000000000000e+01 0.000000000000000000e+00 1.800000000000000000e+02 4.900000000000000000e+01 3.000000000000000000e+01 2.400000000000000000e+02 4.900000000000000000e+01 0.000000000000000000e+00 2.400000000000000000e+02 4.200000000000000000e+01 3.000000000000000000e+01 0.000000000000000000e+00
4.900000000000000000e+01 3.000000000000000000e+01 2.400000000000000000e+02 4.900000000000000000e+01 0.000000000000000000e+00 2.400000000000000000e+02 4.200000000000000000e+01 3.000000000000000000e+01 0.000000000000000000e+00 4.200000000000000000e+01 0.000000000000000000e+00 2.400000000000000000e+02
4.900000000000000000e+01 0.000000000000000000e+00 2.400000000000000000e+02 4.200000000000000000e+01 3.000000000000000000e+01 0.000000000000000000e+00 4.200000000000000000e+01 0.000000000000000000e+00 2.400000000000000000e+02 4.900000000000000000e+01 3.000000000000000000e+01 0.000000000000000000e+00
4.200000000000000000e+01 3.000000000000000000e+01 0.000000000000000000e+00 4.200000000000000000e+01 0.000000000000000000e+00 2.400000000000000000e+02 4.900000000000000000e+01 3.000000000000000000e+01 0.000000000000000000e+00 4.900000000000000000e+01 0.000000000000000000e+00 2.400000000000000000e+02
4.200000000000000000e+01 0.000000000000000000e+00 2.400000000000000000e+02 4.900000000000000000e+01 3.000000000000000000e+01 0.000000000000000000e+00 4.900000000000000000e+01 0.000000000000000000e+00 2.400000000000000000e+02 5.400000000000000000e+01 3.000000000000000000e+01 0.000000000000000000e+00
4.900000000000000000e+01 3.000000000000000000e+01 0.000000000000000000e+00 4.900000000000000000e+01 0.000000000000000000e+00 2.400000000000000000e+02 5.400000000000000000e+01 3.000000000000000000e+01 0.000000000000000000e+00 5.400000000000000000e+01 0.000000000000000000e+00 2.400000000000000000e+02
4.900000000000000000e+01 0.000000000000000000e+00 2.400000000000000000e+02 5.400000000000000000e+01 3.000000000000000000e+01 0.000000000000000000e+00 5.400000000000000000e+01 0.000000000000000000e+00 2.400000000000000000e+02 5.800000000000000000e+01 3.500000000000000000e+01 0.000000000000000000e+00
5.400000000000000000e+01 3.000000000000000000e+01 0.000000000000000000e+00 5.400000000000000000e+01 0.000000000000000000e+00 2.400000000000000000e+02 5.800000000000000000e+01 3.500000000000000000e+01 0.000000000000000000e+00 5.800000000000000000e+01 0.000000000000000000e+00 1.940000000000000000e+02
5.400000000000000000e+01 0.000000000000000000e+00 2.400000000000000000e+02 5.800000000000000000e+01 3.500000000000000000e+01 0.000000000000000000e+00 5.800000000000000000e+01 0.000000000000000000e+00 1.940000000000000000e+02 5.400000000000000000e+01 2.900000000000000000e+01 0.000000000000000000e+00
5.800000000000000000e+01 3.500000000000000000e+01 0.000000000000000000e+00 5.800000000000000000e+01 0.000000000000000000e+00 1.940000000000000000e+02 5.400000000000000000e+01 2.900000000000000000e+01 0.000000000000000000e+00 5.400000000000000000e+01 0.000000000000000000e+00 2.400000000000000000e+02
5.800000000000000000e+01 0.000000000000000000e+00 1.940000000000000000e+02 5.400000000000000000e+01 2.900000000000000000e+01 0.000000000000000000e+00 5.400000000000000000e+01 0.000000000000000000e+00 2.400000000000000000e+02 4.900000000000000000e+01 3.400000000000000000e+01 0.000000000000000000e+00
5.400000000000000000e+01 2.900000000000000000e+01 0.000000000000000000e+00 5.400000000000000000e+01 0.000000000000000000e+00 2.400000000000000000e+02 4.900000000000000000e+01 3.400000000000000000e+01 0.000000000000000000e+00 4.900000000000000000e+01 0.000000000000000000e+00 2.400000000000000000e+02
5.400000000000000000e+01 0.000000000000000000e+00 2.400000000000000000e+02 4.900000000000000000e+01 3.400000000000000000e+01 0.000000000000000000e+00 4.900000000000000000e+01 0.000000000000000000e+00 2.400000000000000000e+02 4.200000000000000000e+01 3.100000000000000000e+01 0.000000000000000000e+00
4.900000000000000000e+01 3.400000000000000000e+01 0.000000000000000000e+00 4.900000000000000000e+01 0.000000000000000000e+00 2.400000000000000000e+02 4.200000000000000000e+01 3.100000000000000000e+01 0.000000000000000000e+00 4.200000000000000000e+01 0.000000000000000000e+00 1.520000000000000000e+02
4.900000000000000000e+01 0.000000000000000000e+00 2.400000000000000000e+02 4.200000000000000000e+01 3.100000000000000000e+01 0.000000000000000000e+00 4.200000000000000000e+01 0.000000000000000000e+00 1.520000000000000000e+02 4.900000000000000000e+01 3.100000000000000000e+01 0.000000000000000000e+00
4.200000000000000000e+01 3.100000000000000000e+01 0.000000000000000000e+00 4.200000000000000000e+01 0.000000000000000000e+00 1.520000000000000000e+02 4.900000000000000000e+01 3.100000000000000000e+01 0.000000000000000000e+00 4.900000000000000000e+01 0.000000000000000000e+00 2.400000000000000000e+02
4.200000000000000000e+01 0.000000000000000000e+00 1.520000000000000000e+02 4.900000000000000000e+01 3.100000000000000000e+01 0.000000000000000000e+00 4.900000000000000000e+01 0.000000000000000000e+00 2.400000000000000000e+02 5.800000000000000000e+01 3.400000000000000000e+01 0.000000000000000000e+00
4.900000000000000000e+01 3.100000000000000000e+01 0.000000000000000000e+00 4.900000000000000000e+01 0.000000000000000000e+00 2.400000000000000000e+02 5.800000000000000000e+01 3.400000000000000000e+01 0.000000000000000000e+00 5.800000000000000000e+01 0.000000000000000000e+00 2.400000000000000000e+02
4.900000000000000000e+01 0.000000000000000000e+00 2.400000000000000000e+02 5.800000000000000000e+01 3.400000000000000000e+01 0.000000000000000000e+00 5.800000000000000000e+01 0.000000000000000000e+00 2.400000000000000000e+02 4.700000000000000000e+01 3.300000000000000000e+01 0.000000000000000000e+00
5.800000000000000000e+01 3.400000000000000000e+01 0.000000000000000000e+00 5.800000000000000000e+01 0.000000000000000000e+00 2.400000000000000000e+02 4.700000000000000000e+01 3.300000000000000000e+01 0.000000000000000000e+00 5.400000000000000000e+01 3.300000000000000000e+01 0.000000000000000000e+00
5.800000000000000000e+01 0.000000000000000000e+00 2.400000000000000000e+02 4.700000000000000000e+01 3.300000000000000000e+01 0.000000000000000000e+00 5.400000000000000000e+01 3.300000000000000000e+01 0.000000000000000000e+00 5.400000000000000000e+01 0.000000000000000000e+00 1.226000000000000000e+03
4.700000000000000000e+01 3.300000000000000000e+01 0.000000000000000000e+00 5.400000000000000000e+01 3.300000000000000000e+01 0.000000000000000000e+00 5.400000000000000000e+01 0.000000000000000000e+00 1.226000000000000000e+03 4.700000000000000000e+01 0.000000000000000000e+00 0.000000000000000000e+00
5.400000000000000000e+01 3.300000000000000000e+01 0.000000000000000000e+00 5.400000000000000000e+01 0.000000000000000000e+00 1.226000000000000000e+03 4.700000000000000000e+01 0.000000000000000000e+00 0.000000000000000000e+00 5.800000000000000000e+01 3.200000000000000000e+01 2.160000000000000000e+03
5.400000000000000000e+01 0.000000000000000000e+00 1.226000000000000000e+03 4.700000000000000000e+01 0.000000000000000000e+00 0.000000000000000000e+00 5.800000000000000000e+01 3.200000000000000000e+01 2.160000000000000000e+03 5.100000000000000000e+01 2.700000000000000000e+01 0.000000000000000000e+00
4.700000000000000000e+01 0.000000000000000000e+00 0.000000000000000000e+00 5.800000000000000000e+01 3.200000000000000000e+01 2.160000000000000000e+03 5.100000000000000000e+01 2.700000000000000000e+01 0.000000000000000000e+00 5.100000000000000000e+01 0.000000000000000000e+00 7.200000000000000000e+02
5.800000000000000000e+01 3.200000000000000000e+01 2.160000000000000000e+03 5.100000000000000000e+01 2.700000000000000000e+01 0.000000000000000000e+00 5.100000000000000000e+01 0.000000000000000000e+00 7.200000000000000000e+02 5.800000000000000000e+01 0.000000000000000000e+00 0.000000000000000000e+00
5.100000000000000000e+01 2.700000000000000000e+01 0.000000000000000000e+00 5.100000000000000000e+01 0.000000000000000000e+00 7.200000000000000000e+02 5.800000000000000000e+01 0.000000000000000000e+00 0.000000000000000000e+00 5.600000000000000000e+01 2.900000000000000000e+01 0.000000000000000000e+00
5.100000000000000000e+01 0.000000000000000000e+00 7.200000000000000000e+02 5.800000000000000000e+01 0.000000000000000000e+00 0.000000000000000000e+00 5.600000000000000000e+01 2.900000000000000000e+01 0.000000000000000000e+00 5.900000000000000000e+01 3.500000000000000000e+01 0.000000000000000000e+00
5.800000000000000000e+01 0.000000000000000000e+00 0.000000000000000000e+00 5.600000000000000000e+01 2.900000000000000000e+01 0.000000000000000000e+00 5.900000000000000000e+01 3.500000000000000000e+01 0.000000000000000000e+00 5.900000000000000000e+01 0.000000000000000000e+00 7.200000000000000000e+02
5.600000000000000000e+01 2.900000000000000000e+01 0.000000000000000000e+00 5.900000000000000000e+01 3.500000000000000000e+01 0.000000000000000000e+00 5.900000000000000000e+01 0.000000000000000000e+00 7.200000000000000000e+02 5.600000000000000000e+01 0.000000000000000000e+00 0.000000000000000000e+00
5.900000000000000000e+01 3.500000000000000000e+01 0.000000000000000000e+00 5.900000000000000000e+01 0.000000000000000000e+00 7.200000000000000000e+02 5.600000000000000000e+01 0.000000000000000000e+00 0.000000000000000000e+00 5.400000000000000000e+01 2.900000000000000000e+01 0.000000000000000000e+00
5.900000000000000000e+01 0.000000000000000000e+00 7.200000000000000000e+02 5.600000000000000000e+01 0.000000000000000000e+00 0.000000000000000000e+00 5.400000000000000000e+01 2.900000000000000000e+01 0.000000000000000000e+00 5.800000000000000000e+01 3.500000000000000000e+01 0.000000000000000000e+00
5.600000000000000000e+01 0.000000000000000000e+00 0.000000000000000000e+00 5.400000000000000000e+01 2.900000000000000000e+01 0.000000000000000000e+00 5.800000000000000000e+01 3.500000000000000000e+01 0.000000000000000000e+00 5.800000000000000000e+01 0.000000000000000000e+00 7.200000000000000000e+02
5.400000000000000000e+01 2.900000000000000000e+01 0.000000000000000000e+00 5.800000000000000000e+01 3.500000000000000000e+01 0.000000000000000000e+00 5.800000000000000000e+01 0.000000000000000000e+00 7.200000000000000000e+02 5.400000000000000000e+01 0.000000000000000000e+00 0.000000000000000000e+00
5.800000000000000000e+01 3.500000000000000000e+01 0.000000000000000000e+00 5.800000000000000000e+01 0.000000000000000000e+00 7.200000000000000000e+02 5.400000000000000000e+01 0.000000000000000000e+00 0.000000000000000000e+00 5.400000000000000000e+01 3.200000000000000000e+01 0.000000000000000000e+00
5.800000000000000000e+01 0.000000000000000000e+00 7.200000000000000000e+02 5.400000000000000000e+01 0.000000000000000000e+00 0.000000000000000000e+00 5.400000000000000000e+01 3.200000000000000000e+01 0.000000000000000000e+00 4.700000000000000000e+01 2.700000000000000000e+01 0.000000000000000000e+00
5.400000000000000000e+01 0.000000000000000000e+00 0.000000000000000000e+00 5.400000000000000000e+01 3.200000000000000000e+01 0.000000000000000000e+00 4.700000000000000000e+01 2.700000000000000000e+01 0.000000000000000000e+00 4.700000000000000000e+01 0.000000000000000000e+00 1.133000000000000000e+03
5.400000000000000000e+01 3.200000000000000000e+01 0.000000000000000000e+00 4.700000000000000000e+01 2.700000000000000000e+01 0.000000000000000000e+00 4.700000000000000000e+01 0.000000000000000000e+00 1.133000000000000000e+03 5.400000000000000000e+01 0.000000000000000000e+00 0.000000000000000000e+00
4.700000000000000000e+01 2.700000000000000000e+01 0.000000000000000000e+00 4.700000000000000000e+01 0.000000000000000000e+00 1.133000000000000000e+03 5.400000000000000000e+01 0.000000000000000000e+00 0.000000000000000000e+00 3.500000000000000000e+01 2.200000000000000000e+01 0.000000000000000000e+00
4.700000000000000000e+01 0.000000000000000000e+00 1.133000000000000000e+03 5.400000000000000000e+01 0.000000000000000000e+00 0.000000000000000000e+00 3.500000000000000000e+01 2.200000000000000000e+01 0.000000000000000000e+00 4.700000000000000000e+01 2.600000000000000000e+01 0.000000000000000000e+00
5.400000000000000000e+01 0.000000000000000000e+00 0.000000000000000000e+00 3.500000000000000000e+01 2.200000000000000000e+01 0.000000000000000000e+00 4.700000000000000000e+01 2.600000000000000000e+01 0.000000000000000000e+00 5.400000000000000000e+01 2.600000000000000000e+01 0.000000000000000000e+00
3.500000000000000000e+01 2.200000000000000000e+01 0.000000000000000000e+00 4.700000000000000000e+01 2.600000000000000000e+01 0.000000000000000000e+00 5.400000000000000000e+01 2.600000000000000000e+01 0.000000000000000000e+00 4.700000000000000000e+01 0.000000000000000000e+00 7.200000000000000000e+02
4.700000000000000000e+01 2.600000000000000000e+01 0.000000000000000000e+00 5.400000000000000000e+01 2.600000000000000000e+01 0.000000000000000000e+00 4.700000000000000000e+01 0.000000000000000000e+00 7.200000000000000000e+02 3.500000000000000000e+01 0.000000000000000000e+00 0.000000000000000000e+00
5.400000000000000000e+01 2.600000000000000000e+01 0.000000000000000000e+00 4.700000000000000000e+01 0.000000000000000000e+00 7.200000000000000000e+02 3.500000000000000000e+01 0.000000000000000000e+00 0.000000000000000000e+00 4.200000000000000000e+01 2.600000000000000000e+01 0.000000000000000000e+00
4.700000000000000000e+01 0.000000000000000000e+00 7.200000000000000000e+02 3.500000000000000000e+01 0.000000000000000000e+00 0.000000000000000000e+00 4.200000000000000000e+01 2.600000000000000000e+01 0.000000000000000000e+00 3.000000000000000000e+01 2.200000000000000000e+01 0.000000000000000000e+00
3.500000000000000000e+01 0.000000000000000000e+00 0.000000000000000000e+00 4.200000000000000000e+01 2.600000000000000000e+01 0.000000000000000000e+00 3.000000000000000000e+01 2.200000000000000000e+01 0.000000000000000000e+00 3.000000000000000000e+01 0.000000000000000000e+00 7.200000000000000000e+02
4.200000000000000000e+01 2.600000000000000000e+01 0.000000000000000000e+00 3.000000000000000000e+01 2.200000000000000000e+01 0.000000000000000000e+00 3.000000000000000000e+01 0.000000000000000000e+00 7.200000000000000000e+02 4.200000000000000000e+01 0.000000000000000000e+00 0.000000000000000000e+00
3.000000000000000000e+01 2.200000000000000000e+01 0.000000000000000000e+00 3.000000000000000000e+01 0.000000000000000000e+00 7.200000000000000000e+02 4.200000000000000000e+01 0.000000000000000000e+00 0.000000000000000000e+00 5.400000000000000000e+01 0.000000000000000000e+00 0.000000000000000000e+00
3.000000000000000000e+01 0.000000000000000000e+00 7.200000000000000000e+02 4.200000000000000000e+01 0.000000000000000000e+00 0.000000000000000000e+00 5.400000000000000000e+01 0.000000000000000000e+00 0.000000000000000000e+00 5.900000000000000000e+01 2.600000000000000000e+01 0.000000000000000000e+00
4.200000000000000000e+01 0.000000000000000000e+00 0.000000000000000000e+00 5.400000000000000000e+01 0.000000000000000000e+00 0.000000000000000000e+00 5.900000000000000000e+01 2.600000000000000000e+01 0.000000000000000000e+00 4.700000000000000000e+01 2.200000000000000000e+01 0.000000000000000000e+00
5.400000000000000000e+01 0.000000000000000000e+00 0.000000000000000000e+00 5.900000000000000000e+01 2.600000000000000000e+01 0.000000000000000000e+00 4.700000000000000000e+01 2.200000000000000000e+01 0.000000000000000000e+00 3.500000000000000000e+01 2.200000000000000000e+01 0.000000000000000000e+00
5.900000000000000000e+01 2.600000000000000000e+01 0.000000000000000000e+00 4.700000000000000000e+01 2.200000000000000000e+01 0.000000000000000000e+00 3.500000000000000000e+01 2.200000000000000000e+01 0.000000000000000000e+00 5.400000000000000000e+01 2.600000000000000000e+01 0.000000000000000000e+00
4.700000000000000000e+01 2.200000000000000000e+01 0.000000000000000000e+00 3.500000000000000000e+01 2.200000000000000000e+01 0.000000000000000000e+00 5.400000000000000000e+01 2.600000000000000000e+01 0.000000000000000000e+00 5.400000000000000000e+01 0.000000000000000000e+00 1.226000000000000000e+03
3.500000000000000000e+01 2.200000000000000000e+01 0.000000000000000000e+00 5.400000000000000000e+01 2.600000000000000000e+01 0.000000000000000000e+00 5.400000000000000000e+01 0.000000000000000000e+00 1.226000000000000000e+03 5.900000000000000000e+01 0.000000000000000000e+00 0.000000000000000000e+00
5.400000000000000000e+01 2.600000000000000000e+01 0.000000000000000000e+00 5.400000000000000000e+01 0.000000000000000000e+00 1.226000000000000000e+03 5.900000000000000000e+01 0.000000000000000000e+00 0.000000000000000000e+00 4.700000000000000000e+01 0.000000000000000000e+00 0.000000000000000000e+00
5.400000000000000000e+01 0.000000000000000000e+00 1.226000000000000000e+03 5.900000000000000000e+01 0.000000000000000000e+00 0.000000000000000000e+00 4.700000000000000000e+01 0.000000000000000000e+00 0.000000000000000000e+00 3.500000000000000000e+01 0.000000000000000000e+00 0.000000000000000000e+00
